image: 102h6_25-4.pgm
resolution: 0.050000
origin: [-10.908830, -6.732578, 0.000000]
negate: 0
occupied_thresh: 0.65
free_thresh: 0.196

