image: 208b3.pgm
resolution: 0.025000
origin: [-6.350019, -7.182907, 0.000000]
negate: 0
occupied_thresh: 0.65
free_thresh: 0.196

