image: home1.pgm
resolution: 0.025000
origin: [-0.494956, -2.011069, 0.000000]
negate: 0
occupied_thresh: 0.65
free_thresh: 0.196

