image: kho1.pgm
resolution: 0.025000
origin: [-0.521863, -3.007250, 0.000000]
negate: 0
occupied_thresh: 0.65
free_thresh: 0.196

