image: kho13_12.pgm
resolution: 0.025000
origin: [-0.506433, -2.161150, 0.000000]
negate: 0
occupied_thresh: 0.65
free_thresh: 0.196

