image: kho27_2.pgm
resolution: 0.025000
origin: [-0.576159, -2.505648, 0.000000]
negate: 0
occupied_thresh: 0.65
free_thresh: 0.196

