image: kho_192.pgm
resolution: 0.025000
origin: [-2.469302, -2.131451, 0.000000]
negate: 0
occupied_thresh: 0.65
free_thresh: 0.196

