image: lau1.pgm
resolution: 0.025000
origin: [-0.785048, -1.959039, 0.000000]
negate: 0
occupied_thresh: 0.65
free_thresh: 0.196

