image: 102-h6-28-5.pgm
resolution: 0.050000
origin: [-9.264671, -1.761844, 0.000000]
negate: 0
occupied_thresh: 0.65
free_thresh: 0.196

