image: 102H6_karto_11-5.pgm
resolution: 0.050000
origin: [-10.666158, -6.508516, 0.000000]
negate: 0
occupied_thresh: 0.65
free_thresh: 0.196

