image: 102h6_ekf.pgm
resolution: 0.050000
origin: [-9.628428, -2.437961, 0.000000]
negate: 0
occupied_thresh: 0.65
free_thresh: 0.196

