image: 102h6-4.pgm
resolution: 0.050000
origin: [-9.300292, -1.809202, 0.000000]
negate: 0
occupied_thresh: 0.65
free_thresh: 0.196

