image: kho-18-5-uwb-imu.pgm
resolution: 0.050000
origin: [-2.251365, -2.429383, 0.000000]
negate: 0
occupied_thresh: 0.65
free_thresh: 0.196

