image: kho_2-4.pgm
resolution: 0.025000
origin: [-0.699126, -2.357870, 0.000000]
negate: 0
occupied_thresh: 0.65
free_thresh: 0.196

