image: kho_5-3_2.pgm
resolution: 0.050000
origin: [-0.604634, -2.696645, 0.000000]
negate: 0
occupied_thresh: 0.65
free_thresh: 0.196

