image: room1_1-3.pgm
resolution: 0.050000
origin: [-5.951822, -4.832847, 0.000000]
negate: 0
occupied_thresh: 0.65
free_thresh: 0.196

