image: test1.pgm
resolution: 0.050000
origin: [-9.270809, -1.459114, 0.000000]
negate: 0
occupied_thresh: 0.65
free_thresh: 0.196

